# profile=HIGH+ M=32 bits=5 rate_num=3 rate_den=4 symbol_rate=1500 beta=0.2 es=1.000000
0.486540379 0.486540379
0.178086139 0.664626518
0.486540379 -0.486540379
0.178086139 -0.664626518
-0.486540379 0.486540379
-0.178086139 0.664626518
-0.486540379 -0.486540379
-0.178086139 -0.664626518
1.179618318 0.488613906
0.488613906 1.179618318
0.902840774 -0.902840774
0.000000000 -1.276809667
-0.902840774 0.902840774
0.000000000 1.276809667
-1.179618318 -0.488613906
-0.488613906 -1.179618318
0.664626518 0.178086139
0.171317035 0.171317035
0.664626518 -0.178086139
0.171317035 -0.171317035
-0.664626518 0.178086139
-0.171317035 0.171317035
-0.664626518 -0.178086139
-0.171317035 -0.171317035
1.276809667 0.000000000
0.902840774 0.902840774
1.179618318 -0.488613906
0.488613906 -1.179618318
-1.179618318 0.488613906
-0.488613906 1.179618318
-1.276809667 0.000000000
-0.902840774 -0.902840774
