# profile=HIGH++ M=64 bits=6 rate_num=3 rate_den=4 symbol_rate=1500 beta=0.2 es=1.000000
0.929489067 0.929489067
0.929489067 -0.929489067
-0.929489067 0.929489067
-0.929489067 -0.929489067
0.147176861 1.306230770
0.147176861 -1.306230770
-0.147176861 1.306230770
-0.147176861 -1.306230770
1.306230770 0.147176861
1.306230770 -0.147176861
-1.306230770 0.147176861
-1.306230770 -0.147176861
0.132784152 0.132784152
0.132784152 -0.132784152
-0.132784152 0.132784152
-0.132784152 -0.132784152
0.699354060 1.113015611
0.699354060 -1.113015611
-0.699354060 1.113015611
-0.699354060 -1.113015611
0.434150521 1.240730905
0.434150521 -1.240730905
-0.434150521 1.240730905
-0.434150521 -1.240730905
0.797534771 0.126317098
0.797534771 -0.126317098
-0.797534771 0.126317098
-0.797534771 -0.126317098
0.435327661 0.116645695
0.435327661 -0.116645695
-0.435327661 0.116645695
-0.435327661 -0.116645695
1.113015611 0.699354060
1.113015611 -0.699354060
-1.113015611 0.699354060
-1.113015611 -0.699354060
0.126317098 0.797534771
0.126317098 -0.797534771
-0.126317098 0.797534771
-0.126317098 -0.797534771
1.240730905 0.434150521
1.240730905 -0.434150521
-1.240730905 0.434150521
-1.240730905 -0.434150521
0.116645695 0.435327661
0.116645695 -0.435327661
-0.116645695 0.435327661
-0.116645695 -0.435327661
0.570971856 0.570971856
0.570971856 -0.570971856
-0.570971856 0.570971856
-0.570971856 -0.570971856
0.366586497 0.719466511
0.366586497 -0.719466511
-0.366586497 0.719466511
-0.366586497 -0.719466511
0.719466511 0.366586497
0.719466511 -0.366586497
-0.719466511 0.366586497
-0.719466511 -0.366586497
0.318681966 0.318681966
0.318681966 -0.318681966
-0.318681966 0.318681966
-0.318681966 -0.318681966
